000018
000079
000251
000320
000402
000461
000490
000512
000779
000807
000901
000905
001030
001294
001497
001582
001766
001914
001926
002221
002267
002328
002401
002583
002687
002858
002963
003151
003214
003352
003506
003613
003865
003967
004276
004335
004369
004387
004507
004689
004806
004930
005161
005533
005970
005985
006022
006098
006171
006251
006272
006324
006665
006923
006953
007111
007151
007309
007311
007427
007486
007797
007917
008165
008244
008412
008678
008691
008718
008860
008884
009190
009330
009536
009989
010888
011044
011236
011282
011344
011412
011448
011551
011634
011845
011927
011954
012010
012143
012188
012270
012520
012613
012911
013037
013094
013189
013261
013271
013344
013511
013627
013690
014064
014291
014362
014510
014518
014649
014723
014781
014870
014990
015113
015519
015690
015780
015788
015822
016046
016259
016841
016930
017045
017099
017148
017195
017274
017293
017311
017354
017693
017702
017778
018138
018281
018327
018617
018869
018891
018922
019107
019281
019282
019380
019439
019620
019756
019758
019942
020053
020224
020264
020414
020555
020804
021013
021125
021506
021698
021788
021922
021924
022073
022232
022295
022490
023289
023415
023519
023679
023683
023870
023952
024014
024081
024639
024801
024909
024991
025030
025059
025600
025606
025660
025685
025919
025966
026126
026488
026677
026778
026836
026894
027243
027272
027518
027561
027791
028169
028307
028473
028529
028636
028652
028909
029228
029578
029965
029982
030231
030413
030662
030816
030830
030998
031210
031271
031526
031763
031854
031992
032134
032313
032413
032549
032699
032812
032921
032961
033087
033095
033161
033171
033366
034004
034400
034422
034463
034549
034599
034615
034862
035315
035322
035459
035552
035729
035932
036131
036338
036423
036993
037040
037056
037385
037405
037408
037710
037737
037757
037847
038390
038415
038771
038909
038960
039164
039185
039524
039581
039659
039825
040326
040372
040613
040669
040731
040763
040945
040976
041035
041437
042184
042539
042726
042930
043015
043064
043370
043498
043669
043683
043797
043818
043880
044193
044264
044795
044837
045012
045014
045202
045514
045990
046005
046127
046185
046277
046533
046571
046588
046738
046767
046805
046815
046906
047027
047174
047268
047610
047637
047801
047971
048347
048840
048892
048931
049164
049173
049245
049264
049502
049518
049683
049800
050074
050144
050239
050389
050646
050672
050835
051028
051169
051369
051387
051463
051951
052179
052345
052668
052708
052755
052795
052873
052880
053331
053449
053450
053865
054161
054411
054516
054645
054670
054932
054959
055019
055412
055501
055673
055752
055763
055819
055869
056572
056575
056673
056829
056993
057139
057263
057629
057747
058047
058104
058497
058574
058629
058813
058951
058998
059164
059404
059495
059543
059636
059728
059745
059908
060191
060477
060766
060795
060854
061116
061224
061228
061270
061428
061445
061574
061741
061768
061775
061889
061943
062244
062561
062657
062950
063026
063052
063243
063608
063726
063752
063828
064486
064610
065101
065249
065365
065415
065746
065794
065821
066343
066408
066599
066621
066641
066788
066912
066990
067020
067047
067227
067245
067338
067422
067427
067467
067664
067875
067882
067891
068132
068425
068663
068716
068768
068828
068833
068975
069005
069233
069392
069395
069516
069791
069836
069968
070114
070574
070835
070929
071139
071146
071402
071508
071647
071919
071975
071985
072136
072657
072747
072983
073306
073308
073973
074373
074528
074684
075124
075133
075152
075782
075953
075980
076003
076107
076241
076365
076609
076681
076732
076741
076800
077013
077069
077195
077272
077508
077711
077744
078155
078307
078344
078998
079050
079075
079100
079130
079146
079186
079397
079493
079554
079586
079652
079923
080330
080390
080427
080629
080822
080837
080873
081428
081625
081776
082060
082442
082570
082745
082753
082880
082887
082987
083111
083899
084054
084192
084220
084317
084449
084590
084606
085173
085579
085643
085725
085791
085798
085931
085940
085943
086052
086340
086452
086543
086619
086638
086746
086853
086943
087042
087043
087167
087775
087860
087868
087925
087985
088041
088111
088372
088440
088553
088600
088735
088762
088839
088855
089072
089103
089125
089562
089579
089804
089877
089963
090553
090569
090779
090791
090861
090925
091006
091007
091258
091287
091815
092060
092075
092271
092818
092859
092874
092969
093036
093315
093370
093374
093507
094005
094131
094281
094940
095123
095133
095471
095474
095476
095698
095867
095888
095897
096080
096464
096568
096577
096626
096874
097264
097391
097521
097607
097713
097993
098128
098449
098677
098797
098895
099140
099496
100020
100216
100839
101001
101003
101216
101301
101328
101447
101767
101803
101927
102010
102070
102295
102306
102913
103241
103250
103286
103406
103529
103969
104289
104449
104513
104725
104829
105067
105402
105485
105513
105518
105528
105786
105818
105891
105990
106088
106127
106510
106728
106786
106836
106945
107000
107428
107581
107844
108168
108283
108304
108338
108452
108810
108813
108862
109144
109656
109763
109994
110012
110161
110268
110386
110446
110554
110651
110652
110731
110752
110899
110938
111071
111203
111353
111608
111879
111943
111957
111962
112058
112087
112105
112163
112191
112344
112360
112577
112706
112716
112720
112786
113274
113339
113996
114059
114125
114194
114311
114356
114365
114430
114442
114484
114564
114910
115096
115179
115196
115223
115647
115898
115986
116193
116278
116293
116390
116687
116802
116973
117072
117211
117968
118027
118186
118216
118484
118527
118724
118864
118898
118981
119017
119189
119208
119344
119743
119796
119928
119972
119986
120122
120154
120157
120536
120612
120666
120749
120940
121346
121536
121628
121702
122056
122290
122352
122430
122512
122784
122951
123035
123092
123122
123251
123295
123301
123333
123514
123583
123612
123630
123646
123693
123763
123924
124024
124374
124484
124644
124744
124911
124918
125022
125056
125115
125116
125130
125181
125194
125392
125652
125947
125959
126227
126479
126550
126623
126642
127359
127885
128003
128052
128097
128313
128567
128624
128787
128984
129113
129251
129482
129636
129974
130182
130207
130224
130418
131208
131477
131582
131879
131912
132441
132472
132483
132605
133004
133023
133325
133343
133515
133610
133649
133895
134168
134264
134415
134465
134589
134806
134809
135269
135483
135526
135650
135673
135765
135853
136006
136220
136304
136685
136739
136909
137050
137318
137619
138386
138470
138867
138886
139073
139195
139396
139504
140302
140353
140426
140963
141207
141330
141478
141563
141669
141963
141973
142094
142228
142355
142359
142624
142653
142904
142943
143260
143339
143557
143560
144075
144259
144285
144542
144848
144972
144978
145160
145180
145494
145506
145665
145723
146324
146629
146735
146737
146776
146884
146963
146965
147239
147381
147425
147509
147839
147941
148396
149107
149944
150001
150072
150111
150491
150673
150718
150884
150934
151119
151332
151333
151673
151710
151794
151804
151969
152010
152231
152636
152702
152785
152852
152994
153388
153569
153599
153819
154085
154258
154469
154830
154897
154924
155052
155159
155282
155328
155331
155735
155745
155835
156156
156191
156205
156354
156725
156869
157049
157201
157296
157305
157447
157518
157633
157637
157666
157704
157750
158202
158607
158674
158863
159124
159231
159284
159493
159736
159845
160000
160245
160315
160566
160627
160657
160853
160889
161224
161671
161946
162062
162124
162199
162542
162726
162970
163079
163113
163124
163267
163499
163568
163607
163646
163675
163710
163720
163768
163860
163907
164252
164444
164484
164712
164860
164911
165242
165278
165279
165550
165646
165678
166035
166286
166336
166351
166354
166381
166404
166410
167251
167339
167459
167821
168128
168551
168673
168711
168730
168795
168911
169067
169238
169320
169396
169664
169768
169865
169905
170356
170398
170490
170933
171122
171250
171396
171494
171548
171644
171947
171968
172496
172507
172666
173114
173316
173415
173671
173728
173984
174080
174187
174990
175001
175030
175106
175400
175416
175435
175588
175698
176138
176262
176309
176921
176944
177023
177219
177266
177322
177533
177556
177759
178193
178232
178237
178427
178444
178550
178556
179529
179764
179787
179901
180050
180279
180308
180346
180393
180483
180710
180735
181297
181822
182061
182147
182297
182596
182702
182851
182878
183060
183079
183135
183210
183225
183251
183253
183680
183712
183949
184273
184337
184379
184386
184405
184766
185245
185647
185948
186026
186167
186235
186388
186856
187023
187116
187254
187587
187703
188057
188137
188692
188899
189006
189319
189491
190007
190019
190386
190457
190566
190680
191004
191709
191871
191971
192047
192091
192163
192233
192243
192596
192729
192746
192764
192991
193682
193797
193957
194507
194744
194749
194849
195152
195372
195379
195480
196094
196250
197220
197233
197324
197522
197681
197718
197770
197904
197960
198550
199151
199703
199774
199831
199849
200017
200022
200388
200436
200459
200464
200524
200618
200793
200833
200861
200958
201074
201144
201160
201363
201920
202518
202696
202900
203241
203461
203885
204052
204275
204325
204459
204592
205015
205364
205725
205743
205870
205916
206122
206212
206220
206395
206419
206501
206527
206661
206768
207081
207208
207298
207309
207317
207326
207437
207502
207620
207862
207992
208031
208039
208042
208208
208261
208303
208859
208926
208958
209710
210104
210199
210207
210254
210264
210284
210441
210591
210876
210879
210898
210928
210937
210999
211356
211794
211831
211889
212164
212309
212398
212491
212519
212863
213208
213446
213718
213770
213815
214086
214129
214144
214270
214293
214318
214697
214750
214815
215075
215095
215150
215402
215458
215777
215807
215889
216064
216211
216454
216575
216761
216826
216872
216943
217076
217225
217300
217324
217409
217907
218130
218241
218405
218917
219128
219169
219179
219206
219343
219417
219612
219674
219785
219786
219869
219917
220251
220367
220371
220476
220585
220590
220751
221279
221428
221642
221687
221771
221851
221916
222128
222257
222479
222763
222862
223033
223253
223955
224075
224569
224653
225043
225130
225400
225444
225648
225706
225728
225740
225827
226016
226023
226252
226799
226996
227032
227239
227326
227524
227612
227711
227982
228152
228174
228248
228261
228480
228558
228569
228742
228851
228870
229008
229493
229558
229611
229675
229717
229724
229725
229764
229780
229850
230066
230177
230311
230340
230378
230624
231073
231092
231922
232248
232328
232441
232512
232532
232610
232694
232705
232773
232797
232955
233123
233449
233492
233767
233790
233793
233794
233884
233903
234074
234124
234127
234134
234180
234181
234205
234231
234319
234519
234689
234747
234832
234848
234903
235011
235053
235111
235253
235382
235559
235717
235785
236016
236022
236038
236076
236152
236248
236306
236878
236937
236984
237103
237433
237653
237711
237881
237882
237893
237918
238767
238992
239023
239372
239402
239422
239893
239904
240002
240158
240430
240564
240619
240678
240697
240732
240915
240921
241102
241256
241496
241697
242223
242452
242783
242837
242933
242997
243036
243137
243331
243572
243667
243678
243765
243815
243932
244083
244159
244206
244455
244621
244648
244804
245079
245227
245290
245421
245606
245982
246533
246687
246708
247040
247173
247658
247714
248891
248967
249235
249453
249578
249735
249949
249975
250046
250215
250563
250684
250721
250735
250754
250761
250922
250975
250998
251025
251142
251224
251262
251332
251429
251509
251512
251580
251614
251802
251821
251929
252003
252220
252675
252822
252882
252884
253020
253100
253737
253797
253801
253841
253868
253896
253924
254041
254045
254223
254352
254381
254388
254453
254745
254792
254880
255091
255136
255471
255661
255997
256245
256468
256471
256608
256670
256704
256951
256974
257037
257131
257362
257425
257486
257948
257981
258044
258240
258262
258675
258708
258804
258971
259079
259153
259413
259502
259653
260082
260251
260296
260317
260543
260598
260703
261067
261102
261215
261283
261358
261491
261592
261763
262004
262031
262070
262120
262280
262319
262332
262650
262680
262766
262834
262850
262908
262920
263191
263578
263617
263652
263666
263897
263907
264123
264373
264659
264668
264737
264947
265093
265686
265745
265763
265937
266015
266116
266475
266534
266688
266719
266868
267043
267101
267218
267404
267554
267830
267995
268096
268321
268750
268901
268956
268968
269181
269310
269338
269478
269523
269740
269801
269929
270287
270321
270495
270572
270692
270845
271124
271440
271461
271483
271840
271861
271905
272035
272149
272189
272243
272980
273439
273607
273643
273705
273913
274010
274182
274195
274213
274273
274286
274375
274510
274708
274780
274965
275065
275116
275151
275394
275747
275766
275855
275970
276220
276276
276387
276605
276689
276700
277027
277079
277120
277433
277592
277787
277939
277983
278048
278052
278305
278311
278614
278707
279288
279290
279310
279543
279569
279576
279607
279642
279924
279942
280063
280306
280436
280571
280597
280783
280940
281003
281062
281488
281583
281593
281825
281992
282003
282038
282115
282167
282234
282273
282323
282740
282897
282956
283152
283154
283230
283597
283725
284025
284157
284739
284855
284877
284957
285004
285255
285280
285286
285407
285461
285514
285521
285625
285899
285947
285967
286132
286199
286233
286307
286361
286525
286545
286620
286647
286688
287014
287038
287332
287511
287583
287662
287880
288529
288622
288667
288702
288813
289091
289099
289108
289560
289691
289726
289796
289819
289919
290080
290291
290304
290350
290372
290922
291379
291574
291946
291981
292156
292324
292453
292729
292790
292926
292954
293036
293143
293637
293869
293903
294056
294110
294180
294313
294765
294804
295086
295235
295440
295665
296106
296715
296758
296911
296965
297020
297150
297246
297622
297744
297911
298040
298041
298578
298590
298618
298664
298675
299261
299428
299704
299732
299852
300071
300095
300127
300180
300219
300285
300406
300566
301099
301235
301237
301257
301622
302007
302181
302234
302451
302713
302867
303021
303135
303658
303946
304000
304290
304557
304587
305132
305207
305667
305785
306230
306261
306368
306409
306569
306660
306701
306704
306710
307100
307106
307125
307398
307421
307436
307716
307767
307785
307864
307874
307973
308064
308172
308215
308254
308276
308398
308650
308691
308718
308878
308905
308968
309148
309547
309646
309904
310125
310325
310807
310816
310841
310876
310899
311033
311493
311525
311785
311869
312064
312109
312380
312669
312954
313006
313013
313180
313188
313588
313611
314127
314245
314387
314563
314605
314641
314737
314747
314967
315001
315312
315396
315443
315450
315480
315606
315788
315906
315942
315980
316025
316067
316266
316400
316419
316420
316678
316907
317104
317157
317160
317345
317531
317854
318047
318413
318432
318537
318895
318954
318992
319059
319173
319290
319583
319613
319897
320105
320290
320425
320608
320707
320756
320779
320853
321012
321280
321355
321387
321703
321750
321771
321908
322051
322111
322127
322224
322275
322460
322497
322619
322630
322798
322831
322920
323096
323135
323151
323154
323230
323786
323967
324087
324144
324534
324589
324833
324873
324999
325076
325198
325333
325902
325996
326029
326093
326249
326283
326350
326535
326904
326952
327055
327161
327184
327313
327425
327635
328049
328656
328661
328857
329026
329241
329356
329591
329686
329934
330204
330429
330529
330686
330788
331590
331690
331996
332013
332329
332400
332484
332493
332520
332571
332773
332781
332976
333233
333301
333408
333645
333758
334269
334296
334345
334566
334604
334660
334914
335009
335015
335019
335089
335121
335240
335254
335260
335305
335539
335794
335972
336032
336255
336387
336781
336847
336864
336876
336883
336970
336972
337162
337447
337822
337930
338322
338351
338366
338412
338749
338816
338892
339205
339233
339423
339452
339534
339545
339615
339645
339991
340071
340244
340378
340542
340640
340812
340936
341149
341153
341260
341292
341330
341448
341832
342036
342185
342454
342488
342575
342701
342963
343064
343169
343264
343475
343612
344006
344044
344277
344409
344590
344706
344854
345057
345166
345360
345732
345862
345936
346053
346306
346440
346655
346957
347003
347058
347156
347312
347341
347467
347586
347699
347775
348148
348314
348349
348462
348519
348842
348971
349123
349131
349162
349314
349440
349454
349567
349640
349874
350004
350058
350095
350112
350162
350243
350327
350457
350793
350927
351120
351211
351774
352013
352254
352523
352581
352583
353027
353053
353260
353448
353469
353903
354039
354152
354165
354270
354573
354688
354938
354963
355362
355389
355430
355965
356002
356099
356526
356867
356872
357023
357410
357433
357596
357611
357682
358199
358240
358615
358901
358939
358991
359058
359188
359293
359306
359373
359394
360096
360223
360239
360427
360761
360834
360986
361537
361721
361759
361842
361953
361963
362015
362059
362333
362483
362490
362543
362568
362845
363063
363358
363548
363704
363882
364033
364051
364184
364195
364291
364302
364484
364523
364547
364555
364617
365431
366126
366143
366181
366373
366595
366653
366701
366868
367417
367498
367906
368041
368233
368332
368363
368392
368403
368619
368905
368934
368994
369022
369052
369146
369397
369424
369470
369519
369866
369884
370120
370214
370335
370363
370389
370564
370699
371247
371807
371991
372008
372405
372646
372718
372729
372832
372946
373103
373327
373353
373444
373505
373547
373729
374044
374051
374073
374326
374353
374418
374431
374557
374575
374598
374719
374813
374822
375041
375137
375190
375211
375234
375239
375244
375558
375748
376269
376341
376349
376422
376597
376714
376728
376791
376829
376860
377001
377010
377025
377132
377142
377148
377165
377223
377938
378158
378238
378378
378449
378527
378602
378691
378814
378966
379119
379195
379495
379502
379572
379601
379773
379876
379905
379986
380496
380958
381011
381181
381343
381442
381584
381586
381629
381795
381934
382235
382260
382516
382560
382841
383087
383231
383353
383411
383487
383499
383549
383832
383884
384038
384116
384156
384407
384691
384702
384771
384839
384854
384897
385103
385104
385183
385716
385880
386023
386030
386113
386234
386448
386504
386545
386553
387046
387086
387111
387148
387255
387434
387761
387851
388241
388284
388419
388673
388956
388982
389070
389286
389700
389954
390273
390286
390381
390406
390480
390651
390662
390712
391021
391159
391236
391697
391904
392078
392147
392479
392552
392592
392621
392835
393333
393371
393432
393536
393860
393878
393981
393996
394266
394408
394549
394647
394725
395632
395696
395768
395984
396005
396023
396215
396325
396334
396363
396433
396535
396666
396683
396916
396989
397088
397120
397309
397501
397521
397596
397809
398422
398581
398667
398686
399212
399451
399478
399884
399931
400244
400298
400333
400432
401072
401264
401484
402503
402562
402622
402693
402985
403185
404120
404230
404269
404279
404307
404338
404464
404541
404667
404674
404900
405432
405473
405575
405940
406131
406251
406254
406274
406309
406326
406471
406608
407113
407168
407598
407748
408285
408706
408802
408831
408844
408923
409006
409035
409077
409110
409132
409302
409352
409376
409471
409734
409748
409836
410081
410171
410185
410199
410226
410293
410358
410526
410538
410704
410806
410864
410998
411008
411078
411338
411369
411509
411570
411665
411816
411829
411883
411926
411975
412020
412210
412303
412346
412436
412490
412539
412730
412765
412878
413266
413517
413596
413725
414306
414375
414880
414967
415151
415184
415280
415358
415594
415659
415983
416288
416384
416387
416579
416587
416598
417105
417125
417159
417247
417345
417872
417975
417980
418121
418187
418410
418540
418666
418755
418803
418888
419149
419154
419228
419268
419322
419345
419771
419806
420012
420138
420145
420197
420232
420296
420998
421119
421357
421669
421833
421888
422252
422722
422953
423011
423013
423017
423103
423180
423207
423263
423469
423541
423585
423591
423775
423892
423955
424005
424167
424336
424549
424760
424910
425029
425156
425249
425370
425705
425871
426945
426956
427367
427537
427602
427730
427743
427752
427793
427798
427851
427897
428106
428129
428161
428322
428350
428563
428653
428741
428747
428752
428888
429299
429431
429515
429559
430002
430060
430090
430285
430640
430724
430757
430806
431034
431377
431440
431605
431640
431731
431911
432112
432176
432474
432695
432777
433404
433597
433657
433662
433857
433911
433936
433947
433998
434135
434174
434259
434308
434622
434772
434822
434877
435160
435389
435562
435564
435585
435998
436011
436022
436086
436153
436503
436872
436974
437004
437125
437212
437351
437430
437539
437550
437890
437982
437992
438044
438262
438641
438678
438735
438758
438765
438884
439283
439296
439435
439532
439598
439775
439866
440010
440015
440368
440375
440440
440505
440707
440739
440808
440817
440847
440861
440908
441136
441138
441253
441824
442097
442117
442152
442286
442652
442864
443079
443119
443136
443318
443381
443604
444130
444332
444361
444415
444486
444555
444563
444848
444856
445018
445107
445451
445465
445518
445596
445639
445749
445783
445837
445879
446020
446055
446247
446690
446711
446949
446953
446975
446977
447014
447048
447264
447551
447595
447757
447803
448005
448098
448468
448534
448821
448822
448824
448952
449152
449417
449816
449905
449940
450088
450148
450377
450487
450492
450980
451501
451566
451866
451888
451907
452350
452466
452626
452709
453002
453377
453434
453494
453680
453851
453970
454071
454199
454224
454323
454429
454515
454751
454870
454893
454948
455365
455454
455525
455777
455864
455871
456007
456041
456347
456448
456538
456660
456695
456843
456858
457199
457238
457304
457310
457396
457431
457449
457635
457838
458028
458157
458720
458822
459010
459148
459347
459365
459401
459538
459686
459701
459789
459804
459844
459979
460075
460119
460154
460318
460391
460400
460565
460895
461227
461354
461632
461646
461759
461867
462924
463436
463634
463840
463870
463923
464375
464452
464678
464805
465091
465116
465519
465645
465721
465749
465761
465769
465772
465781
465920
466119
466183
466674
467210
467348
467385
467633
467752
467804
467933
467951
467984
468037
468041
468103
468416
468426
468621
469208
469504
470108
470270
470384
470555
470880
471186
471589
471649
471742
471843
471844
471926
472094
472144
472211
472282
472453
472837
472878
473268
473320
473536
473624
473803
474736
474795
474911
475963
476285
476316
476537
476809
477078
477144
477279
477339
477423
477700
477782
477925
478032
478144
478226
478314
478383
478553
478649
478714
478749
478764
478771
478797
478913
479081
479195
479272
479418
479685
479962
480148
480296
480411
480583
480716
480843
480991
481000
481621
481646
481912
481916
481927
482794
482861
482894
482969
483218
483255
483526
483557
483637
483717
483732
483896
483907
483925
484311
484429
484569
484572
484644
484972
485065
485109
485144
485491
485593
485711
485998
486007
486225
486356
486646
486674
486964
487056
487363
487532
487728
487941
488006
488159
488330
489116
489305
489562
489564
489580
489635
489903
489970
489994
490371
490489
490907
491129
491289
491372
491388
491732
491742
491744
491871
491984
492031
492160
492247
492385
492459
492868
492876
492936
493028
493063
493145
493331
493526
493567
493643
493687
494043
494075
494104
494219
494275
494485
494493
494611
494672
494921
495118
495131
495183
495184
495370
495438
495680
495810
496056
496246
496489
496530
496863
497264
497266
497268
497539
497881
497925
497948
498070
498170
498289
498434
498439
498608
498687
498855
499164
499249
499262
499282
500124
500400
500431
500464
500841
500959
501067
501289
501428
501542
501580
501733
501893
501927
501989
502539
502578
502691
502765
502786
502845
502882
502895
502932
503369
503415
503567
503568
503770
503813
503980
504220
504531
504619
504758
504835
505092
505291
505311
505341
505351
505386
505392
505491
505892
506041
506103
506177
506392
506563
506730
507324
507545
507664
508123
508540
508595
508633
508760
508873
509139
509451
509465
509646
509651
510144
510353
510579
510660
510771
510985
511101
511325
511379
511619
511877
512047
512063
512144
513112
513296
513888
514037
514056
514062
514097
514145
514176
514207
514211
514332
514586
514669
514958
515051
515177
515263
515297
515332
515449
515493
515536
515569
515743
516062
516128
516541
516785
516813
516838
517138
517155
517333
517842
518312
518665
518834
519045
519310
519354
519362
519411
519660
519735
519838
520232
520427
520431
520744
520789
520954
520964
521173
521355
521748
521781
521839
521892
521917
521952
521966
522063
522091
522165
522196
522419
522465
522526
522771
523034
523035
523414
523504
523615
523638
523784
523946
523967
523981
524001
524028
524222
524332
524677
524747
524824
524843
524932
524967
525037
525052
525454
525978
526037
526088
526188
526232
526246
526383
526422
526444
526466
526657
526658
527109
527244
527382
527951
528107
528215
528244
528923
528930
529049
529061
529281
529435
529482
529526
529531
529534
529548
529658
529734
529819
530066
530103
530306
530435
530586
530809
530831
531132
531305
531306
531489
531639
531655
531894
532610
532663
532670
532703
533066
533331
533979
533980
534407
534619
534680
534691
534869
535121
535158
535161
535169
535180
535244
535245
535282
535521
535741
536134
536301
536311
536318
536379
536542
536704
536762
536806
537091
537113
537364
537442
537498
537569
537738
537740
538040
538167
538401
538588
538927
538980
539027
539030
539100
539381
539604
539623
539852
539871
539877
540145
540184
540264
540298
540446
540528
540659
540807
541372
541499
541543
541598
541689
541831
542022
542364
542443
542587
542611
543224
543278
543399
543440
543522
543542
543872
543902
544055
544566
544588
544688
544706
544767
544949
545025
545121
545164
545626
545850
546021
546033
546179
546789
546881
546965
547012
547156
547170
547238
547347
547724
548211
548301
548319
549247
549285
549286
549468
549553
549554
549699
549862
549920
550070
550112
550408
550791
550818
550850
550852
550857
550991
551228
551359
551385
551584
551780
552031
552039
552183
552310
552500
552822
553368
553464
553626
553678
554088
554711
554772
554871
555027
555036
555163
555384
555612
556294
556312
556499
556807
556855
557397
558352
558391
558663
558721
558774
558960
559199
559228
559281
559902
559996
560092
560462
560525
560561
560632
560738
560777
560847
560928
561013
561172
561323
561468
561531
561578
561637
561874
562035
562296
562452
562561
562618
562770
563017
563215
563359
563656
563711
563993
564168
564594
564656
564730
564939
564968
565083
565191
565231
565235
565292
565495
565776
565911
565997
566322
566700
566759
566942
567041
567185
567310
567565
567722
567724
567845
567949
568058
568062
568071
568101
568156
568302
568306
568476
568682
568732
568867
569011
569027
569161
569226
569483
569540
569592
569617
569982
570394
570851
571015
571183
571200
571616
571813
571860
572057
572059
572382
572438
572542
572592
572835
572876
573015
573237
573262
573297
573454
573569
573595
573614
573744
573973
574104
574150
574217
574516
574591
574728
574784
574888
575088
575120
575195
575491
575522
575895
575936
576111
576228
576330
576465
576505
576621
576923
577074
577145
577203
577209
577346
577661
577911
578502
578638
578674
578916
579200
579423
579424
579615
579692
579990
580327
580506
580607
580975
581144
581308
581445
581939
582080
582115
582341
582386
582393
582494
582519
582552
582923
583125
583217
583319
583417
583527
583573
583716
584045
584475
584535
584625
584647
584653
584694
584758
584769
584864
585012
585140
585262
585307
585487
585509
585769
586279
586412
586421
586695
586735
586815
586834
587095
587197
587228
587472
587529
587851
587881
588007
588013
588116
588163
588228
588387
588524
588553
588615
589072
589086
589215
589250
589384
589723
589749
589834
589951
590262
590265
590357
590456
590535
590608
590638
590792
591010
591112
591219
591433
591480
591492
591542
591779
592006
592149
592674
592846
593091
593138
593495
593614
593730
594022
594044
594273
594322
594361
594581
595242
595252
595455
595780
595837
596047
596298
596316
596915
596957
597014
597668
597796
598070
598238
598242
598261
598334
598531
598938
599644
599691
599818
599891
599915
600034
600439
600551
600638
600642
600867
600971
601312
601426
601440
601704
601745
601798
601955
602203
602340
602441
602508
602638
602804
602857
602948
603096
603132
603379
603388
603405
603505
603534
603737
603787
603826
603913
604019
604096
604388
604412
604623
604789
605420
605619
605650
606011
606172
606347
606374
606719
606764
607445
607480
607666
607755
608437
608652
608703
609184
609350
609456
609632
609659
609863
609986
610012
610041
610049
610081
610243
610434
610444
610449
610607
610750
610976
611061
611090
611295
611413
611482
611601
611905
612004
612043
612087
612243
612643
612970
613212
613293
613688
613787
614190
614358
614549
614648
614883
614886
614922
614989
615171
615278
615347
615423
615898
615900
615906
616107
616305
616374
616678
616917
616925
616933
616963
617129
617156
617249
617339
617413
617463
617822
618717
618858
618986
619026
619038
619145
619568
619831
619987
620086
620138
620192
620496
620612
620647
620841
620880
620886
621211
621301
621357
621415
621525
621608
621904
621951
621996
622221
622602
623185
623186
623191
623346
623574
623658
623888
623946
624091
624115
625024
625270
625279
625371
625569
625844
625929
625978
626050
626091
626178
626244
626408
626664
626688
626861
627116
627343
627548
627666
627770
627787
627888
628201
628301
628351
628402
628803
628962
629030
629249
629400
629460
630036
630074
630221
630752
630868
630884
631144
631464
632316
632433
632693
632694
632723
633113
633201
633248
633630
633828
634099
634138
634187
634235
634440
634768
634947
635043
635095
635330
635386
635600
635865
636126
636266
636330
636340
636370
636760
636832
636836
636901
636954
636982
637117
637126
637266
637385
637626
637663
637702
637709
638098
638144
638282
638436
638520
638576
638700
638984
639390
639611
640011
640037
640316
640370
640497
640583
640638
640660
640809
640971
640988
641033
641287
641391
641447
641487
641856
641868
642111
642154
642336
642839
642842
642899
643176
643348
643622
643649
643732
643760
643927
643965
644036
644200
644279
644467
644553
644748
644768
644833
644898
644941
645028
645127
645636
645817
646020
646119
646177
646230
646284
646535
646641
646654
646713
646842
647142
647313
647359
647508
647581
647726
647727
647861
648067
648188
648247
648305
648479
648847
648999
649080
649354
649553
649591
649745
649897
649953
650012
650366
650529
650542
650564
650775
651114
651535
651617
651826
651845
651850
652034
652252
652275
652359
652572
652670
652796
652900
652932
652936
653189
653325
653454
653860
653882
653905
653947
654049
654149
654172
654204
654305
654424
654454
654901
655187
655195
655587
655722
656065
656187
656354
656659
656904
656917
656974
657096
657192
657276
657614
657721
657736
657787
657799
657994
657999
658043
658083
658233
658317
658421
658531
658597
659262
659359
659431
659497
659577
659596
659614
660156
660297
660393
660473
660533
660604
660637
660759
661442
661568
661601
661603
661733
661815
661841
661848
661851
662554
662642
662671
662683
662711
662726
662757
663138
663479
663908
663911
664126
664189
664238
664334
664492
664523
664528
664864
665160
665185
665371
665390
665527
665730
665843
666200
666231
666515
666689
666800
666929
667014
667062
667130
667189
667206
667311
667502
667599
667623
667777
668016
668077
668332
668351
668399
668503
668531
668686
668869
668902
669051
669090
669150
669198
669313
669315
669381
669409
669499
669568
669640
669847
670162
670204
670288
670423
670463
670517
670598
670616
670653
670672
670891
671017
671235
671326
671444
671490
671537
671711
671774
671928
671965
672206
672322
672371
672770
672907
672913
672931
673389
673452
673516
673593
673598
673610
673620
673742
673954
674049
674105
675034
675140
675490
676038
676138
676538
676784
676857
676880
677003
677134
677489
677658
677737
678128
678200
678306
678412
678474
678579
678805
679013
679065
679079
679123
679352
679493
679536
679646
679657
679761
679872
680216
680249
680641
680830
681067
681227
681314
681758
681975
682008
682011
682092
682435
682485
682900
682945
682975
683068
683193
683234
683290
683335
683588
683949
684035
684044
684332
684349
684386
684561
684681
684812
684970
685069
685200
685255
685418
685522
685546
685715
685727
685857
685882
685885
685913
685963
685977
685993
686235
686247
686406
686459
686652
686876
686897
686981
687097
687391
687515
687655
687851
688127
688154
688172
688269
688419
688770
688941
689029
689051
689474
689627
689738
689956
690360
690494
690831
690874
691072
691193
691420
691706
691919
691953
692299
692345
692556
692578
692613
692703
693146
693237
693286
693442
693459
693585
693967
694187
694432
694574
694604
694677
694953
695233
695352
695562
696397
696631
696678
696754
696861
696924
697111
697383
697503
697529
698036
698098
698116
698317
698662
698726
698753
698843
698907
699044
699107
699121
699140
699183
699196
699309
699313
699350
699371
699437
699484
699670
699783
699806
699824
699876
699893
699906
699991
700279
700775
700790
700847
700928
700942
700952
700989
701031
701077
701269
701342
701473
701565
701803
702012
702108
702341
702475
702528
702582
702701
702717
702739
702796
702867
702897
703025
703596
703613
703692
703890
703975
704151
704368
704525
704951
705014
705064
705071
705357
705384
705476
705675
705709
705740
706099
706125
706141
706522
706595
706986
707159
707219
707246
707527
707562
707664
707739
708055
708147
708306
708714
708753
709148
709422
709480
709611
709965
710279
710485
710610
710737
710756
710765
711015
711071
711101
711412
711632
711715
711973
712049
712457
712492
712671
712735
712738
712869
712907
713260
713329
713377
713456
713604
713712
713719
713843
714119
714222
714393
714413
714504
714548
714742
714792
714983
715024
715565
715592
715892
715899
715937
716011
716012
716112
716143
716179
716388
716421
716496
716528
716549
716635
716845
716906
716987
717200
717283
717344
717444
717651
717847
718001
718243
718502
718777
718916
719014
719170
719182
719245
719447
719527
719692
720277
720307
720324
720433
720602
720770
720830
720915
721016
721061
721297
721443
721771
721784
721854
722289
722295
722322
722429
722696
722788
722992
723075
723211
723214
723219
723316
723443
723506
723517
723591
723728
723778
723781
723845
723884
724107
724124
724130
724634
724674
724683
724760
724862
724885
724992
725013
725022
725096
725135
725274
725486
725664
725670
725713
726085
726427
727020
727099
727205
727407
727656
727676
727891
728037
728385
728502
728552
728634
728707
728823
728959
729109
729202
729205
729232
729384
729427
729690
729886
729900
730174
730197
730657
730808
730851
731374
731430
731594
731831
731893
731905
732237
732553
732600
732601
732608
732856
732864
732885
733262
733536
733852
734573
735289
736039
736064
736258
736430
736589
737420
737524
737686
737698
737962
738003
738374
738676
738838
738954
739140
739159
739303
739385
739511
739578
739638
739678
739680
739743
739745
739801
740139
740154
740187
740442
740505
740707
740787
740915
741084
741781
741790
741795
741965
742070
742130
742200
742212
742257
742342
743033
743059
743075
743139
743232
743443
743560
743712
743788
743809
743815
743925
743945
744105
744296
744566
744843
745284
745305
745581
745654
745849
746466
746560
746584
746803
746915
747161
747390
747651
747843
748050
748058
748209
748574
748609
748842
748959
749125
749176
749206
749595
749606
749907
750247
750458
750617
750688
750759
750972
750990
751260
751288
751334
751386
751715
751822
751858
752048
752141
752172
752181
752275
752396
752659
752813
752927
753126
753331
753873
754006
754150
754218
754321
754341
754486
754787
754958
754973
755235
755291
755440
755481
755558
755588
755867
755968
756334
756678
756760
756936
757084
757118
757246
757278
757587
757635
757707
757788
757937
757959
758044
758162
758417
758466
758514
758907
758938
759017
759143
759519
759666
760103
760138
760806
760875
760888
761132
761467
761747
761758
761786
761850
762013
762286
762586
762612
762729
762750
763251
763262
763382
763430
763476
763748
763907
763978
764076
764472
764540
764565
764690
764722
765324
765343
765525
765616
765839
765873
766058
766085
766166
766487
766653
766730
766767
767144
767210
767396
767552
768261
768274
768605
768807
768879
769030
769428
769658
769697
769843
770010
770230
770250
770368
770738
770866
771160
771163
771190
771348
771549
771702
771748
771777
771833
771949
771975
772099
772119
772142
772382
772852
772910
772930
773071
773108
773636
773638
773770
773874
774069
774371
774421
774705
774787
774920
774990
775198
775244
775682
776082
776130
776167
776216
776327
776469
776495
776505
776576
776581
776666
776803
777116
777120
777203
777448
777688
777957
778014
778083
778099
778177
778350
778369
778441
778525
778586
779074
779205
779364
779382
779585
779880
780020
780092
780331
780348
780446
780616
780672
780714
780731
780936
780971
781135
781267
781287
781451
781835
781888
781927
782226
782277
782741
782857
782955
783155
783160
783381
783633
783715
784206
784351
784462
784507
784951
784960
785063
785104
785228
785312
785531
785559
785701
785798
785879
785988
786091
786166
786384
786729
786806
786873
787226
787572
787798
787847
788115
788215
788686
788796
788968
789198
789199
789303
789340
789345
789373
789402
789591
789596
789924
789961
790427
790509
790522
790701
790752
790793
791011
791012
791014
791031
791294
791349
791651
791849
791926
791928
792292
792558
792675
792723
792864
792890
793003
793300
793317
793380
793534
793599
793612
793824
793964
794404
794502
794786
794823
794846
795017
795113
795644
795788
795967
795995
796498
796900
796964
797067
797080
797095
797401
797473
797666
797671
798158
798174
798314
798419
798421
798517
798764
799103
799224
799458
799708
799721
799864
800142
800393
800501
800509
800953
801480
801521
801549
801777
801818
801834
801842
802029
802275
802554
802707
802713
802834
803138
803269
803342
803463
803492
803620
803747
803896
804000
804062
804091
804143
804230
804271
804368
804397
804440
804483
804834
804906
805289
805537
805619
805656
805677
805730
806120
806207
806208
806302
806345
806507
806559
806660
806702
806911
807252
807943
807980
808042
808074
808142
808146
808173
808294
808323
808364
808381
808491
808513
808550
808634
808654
808668
808780
808821
809085
809153
809183
809326
809383
809588
809845
810039
810264
810433
810505
810574
810645
811025
811048
811260
812011
812048
812157
812376
812436
812677
812841
812952
813035
813652
813666
813691
813787
813922
813939
814239
814298
814430
814632
814782
814987
815028
815029
815164
815331
815504
815573
815631
815831
815850
816572
816711
816759
816913
817052
817258
817360
817489
817520
817584
817993
818018
818213
818259
818573
818581
818627
818867
819086
819218
819251
819274
819742
819745
819885
820114
820232
820299
820448
820486
820525
820619
820713
820892
820924
820988
821002
821128
821143
821520
821582
821616
821662
821721
822011
822148
822347
822419
822460
822891
823092
823113
823133
823171
823276
823295
823304
823308
823642
823805
823958
824271
824302
824357
824522
824546
824603
824747
824768
824952
824987
825150
825180
825199
825460
826031
826136
826738
826743
826840
826933
827020
827030
827174
827314
827514
827630
827668
827717
827843
827920
827954
828124
828131
828132
828354
828572
828838
829525
829660
830073
830122
830305
830307
830324
830698
830794
830839
831012
831133
831169
831410
831502
832520
832760
832935
833141
833429
833432
833466
833492
834104
834203
834387
834392
834485
834532
834599
834633
834636
834672
834674
835400
835611
835997
836130
836300
836336
837218
837248
837259
837800
838328
838387
838561
838809
839011
839205
839484
839495
839560
839705
840004
840032
840050
840241
840287
840293
840396
840422
840503
840546
840703
840836
840962
841041
841169
841194
841346
841454
841816
841866
842180
842248
842298
842384
842487
842720
842723
842951
842981
843116
843398
843404
843633
843664
843735
843781
844190
844209
844323
844347
844355
844650
844684
844977
844992
845034
845508
845696
845940
845994
846008
846105
846126
846437
846728
846736
846740
847112
847163
847664
847716
847860
847980
848038
848051
848105
848239
848384
848453
849161
849205
849265
849583
849674
849685
849805
849882
850064
850335
850413
850454
850534
851697
852322
852435
852732
852760
853056
853135
853243
853301
853362
853405
853519
853584
853623
853784
853788
853861
853880
853989
854087
854292
854475
854523
854533
854692
854741
854772
854828
855142
855419
855428
855511
856147
856373
856398
856421
856617
856728
856750
856768
856783
856945
857069
857162
857303
857516
857868
857918
858558
858572
858614
858654
858821
858842
859185
859186
859222
859232
859363
859556
859775
859871
859924
860260
860299
860320
860331
860387
860493
860643
860894
860933
861087
861130
861216
861254
861421
861590
861646
861739
861837
861871
861889
861891
862108
862180
862245
862297
862357
862722
862897
863013
863214
863261
863780
863883
864207
864258
864305
864580
865116
865143
865195
865553
865647
865768
865967
866137
866140
866188
866586
866785
866812
866829
866905
866971
867042
867489
867744
867766
867839
868490
868870
869014
869486
869998
870050
870061
870204
870420
870481
870495
870499
870642
870659
870694
870924
870970
871183
871204
871514
871733
872174
872301
872312
872855
872912
873026
873172
873196
873395
874424
874459
874668
874722
874889
875118
875203
875381
875428
875511
875696
875710
875851
875896
875906
875955
876122
876247
876837
876987
877022
877059
877342
877367
877530
877657
877666
877898
877935
878041
878097
878319
878516
878517
878791
878932
879031
879222
879312
879510
879632
879812
879947
879963
880053
880104
880256
880513
880734
880812
881084
881180
881331
881390
881397
881463
881720
881722
881769
881817
881959
882036
882190
882191
882236
882336
882427
882432
882822
882877
882964
883096
883135
883153
883182
883364
883446
883451
883619
883627
883873
883919
884036
884594
884718
884753
884993
885053
885106
885118
885120
885141
885344
885644
885673
885675
885689
885770
885800
885815
885818
886038
886278
886456
886486
886580
886625
886776
887020
887123
887138
887186
887425
887528
888072
888152
888167
888395
888586
888811
888841
888915
888926
889251
889425
889511
889691
889881
889916
889922
889988
890523
890560
890784
890965
891021
891073
891319
891387
891448
891574
891631
892214
892672
892903
893037
893208
893367
893691
893870
893896
894103
894414
894428
894629
894782
894956
895408
895526
895698
895798
895979
896037
896082
896159
896332
896423
896521
896710
896886
896913
896930
897015
897290
897429
897582
897602
897620
897785
897824
897874
897882
898022
898123
898139
898233
898445
898457
898514
898682
899104
899187
899378
899432
899615
899711
899981
900046
900091
900100
900156
900164
900434
900477
900481
900911
901261
901625
901867
901944
901974
901982
902065
902234
902249
902287
902418
902622
902761
902791
903036
903355
903479
903597
903680
903809
903897
904158
904255
904350
904433
904672
905120
905200
905230
905288
905516
905542
905689
905953
905962
906063
906313
906374
906614
907238
907280
907428
907525
907626
907791
908187
908276
908503
908779
909323
909541
909924
910108
910150
910172
910506
910576
910579
910610
910617
910645
910799
910975
910990
911007
911143
911465
911825
911929
911936
912198
912273
912346
912572
913434
913837
914105
914301
914441
914603
914875
914898
915009
915190
915267
915355
915389
915425
915502
915581
915749
915818
916007
916020
916140
916350
916455
916817
916832
917013
917077
917099
917657
917782
918600
918644
918666
918937
918940
919028
919232
919432
919796
919847
919900
920027
920219
920239
920289
920368
920703
920753
921129
921377
921410
921427
921866
922066
922204
922266
922810
922848
922873
923866
923947
924202
924232
924248
924334
924510
924549
924651
924868
925032
925443
925530
925899
925948
926059
926285
926499
926534
926767
926772
926873
926947
927320
927322
927369
927380
927437
927970
928180
928268
928289
928332
928694
928770
928906
929176
929266
929272
929279
929384
929680
929734
929849
930036
930162
930789
931045
931305
931345
931371
932500
932563
932583
932615
932755
933415
933512
933643
933700
934053
934120
934416
935048
935084
935105
935358
935743
935803
935817
935834
936033
936085
936178
936280
936669
936728
936741
937078
937602
937633
937711
937811
937837
937871
938211
938256
938303
938911
939106
939215
939253
939461
939471
939776
939799
939834
939877
939880
939995
940009
940027
940193
940329
940561
940625
940640
940833
940911
941211
941317
941376
941478
941961
941991
942124
942135
942191
942217
942246
942392
942431
942702
942942
943011
943025
943041
943386
943394
943455
943481
943586
943630
943661
943765
943875
944312
944359
944390
944411
944451
944623
944653
944933
945025
945049
945063
945791
945842
946029
946128
946360
946502
947446
947526
947784
947860
947875
948071
948233
948794
949178
949447
949493
949551
949589
949603
949760
949905
949993
950280
950390
950670
950772
950998
951133
951589
951641
951937
952050
952348
952581
952745
952884
953059
953151
953401
953497
953607
953617
953655
953668
953916
954227
954602
954665
954806
954823
954903
955085
955122
955200
955554
955623
955947
955988
956122
956565
956610
956700
956753
956838
956910
956956
956989
957292
957587
957807
958157
958232
958415
958497
958806
958973
959180
959189
959297
959346
959381
959514
959770
959813
959820
959913
959942
959964
960104
960234
960475
960507
960523
960568
960590
960802
961059
961220
961263
961385
961435
961656
961664
961953
962066
962205
962323
962772
963106
963232
963290
963597
963662
963775
963786
963898
963921
964108
964195
964373
964445
964502
964784
964874
964881
964896
964962
964972
965056
965195
965714
965766
966017
966020
966159
966297
966461
966716
967056
967138
967144
967157
967543
967802
967867
967982
968010
968201
968391
968431
968450
968495
968569
968684
968744
968947
968967
968991
969142
969299
969423
969456
969848
969906
970105
970247
970813
971021
971045
971102
971207
971549
972209
972346
972441
972703
972788
972956
973103
973208
973287
973312
973566
973593
973707
973926
973973
973984
974173
974376
974553
974589
974638
974718
975208
975421
975645
976020
976272
976290
976430
976489
976739
977407
977481
977853
978200
978414
978484
978582
978788
978894
978895
979168
979319
979395
979626
979813
979894
980026
980088
980190
980233
980234
980318
980425
980522
980593
980763
980994
980998
981097
981206
981325
981360
981437
981476
981521
981926
981978
982061
982170
982288
982550
982974
983083
983141
983220
983343
983401
983445
983744
983762
984005
984469
985508
985530
985837
986081
986113
986220
986298
986569
986618
986628
986790
987016
987087
987101
987159
987624
988023
988046
988124
988180
988264
988768
988774
988879
989062
989312
989582
989649
989740
989957
989968
990075
990132
990317
990488
990643
990709
990713
991101
991152
991293
991607
991694
991725
991758
991827
991895
992054
992236
992296
992300
992486
992549
992570
992617
993024
993273
993281
993337
993481
993508
993641
993686
994053
994338
994417
994558
994664
995066
995113
995144
995187
995547
996129
996311
996553
996564
996651
996721
996815
997099
997107
997249
997721
997733
997833
997876
997982
998127
998171
998241
998292
998386
998526
998637
998933
999126
999356
999450
999486
999524
999692
999816
